m=92079.25;
S=249.9;
a0=-0.20704;
a1=0.029244;
b0=0.07854;
b1=-0.0061592;
b2=0.000621048;
c0=1.0672181;
c1=-0.019213774;
c2=0.00021286289;
c3=-0.0000010117249;
rho0=1.225;
g0=9.81;
Re=6378145;
mumu=g0*Re^2;
hs=7320;